#
# Line-of-Sight Reddening Results
# ===============================
#
# # Galactic coordinates (in degrees):
#     l = 3.2524
#     b = -1.3745
#
# Reliable distance moduli:
#     min: 3.04
#     max: 11.47
# Fit converged: True
#
# The table contains E(g-r) in magnitudes out to the specified distance moduli.
# Each column corresponds to a different distance modulus, and each row
# corresponds to a different sample. The first sample is the best fit, while
# the following samples are drawn from the posterior distribution of
# distance-reddening profiles.
#
# See Green et al. (2014, 2015, 2018, 2019) for a detailed description
# of how the line-of-sight reddening is computed, and for coefficients
# to convert E(g-r) into extinction in different bands. To convert to
# extinction in other bands, use coefficients in Table 6
# of Schlafly & Finkbeiner (2011).
#
 SampleNo | DistanceModulus
          |  4.00  4.12  4.25  4.38  4.50  4.62  4.75  4.88  5.00  5.12  5.25  5.38  5.50  5.62  5.75  5.88  6.00  6.12  6.25  6.38  6.50  6.62  6.75  6.88  7.00  7.12  7.25  7.38  7.50  7.62  7.75  7.88  8.00  8.12  8.25  8.38  8.50  8.62  8.75  8.88  9.00  9.12  9.25  9.38  9.50  9.62  9.75  9.88 10.00 10.12 10.25 10.38 10.50 10.62 10.75 10.88 11.00 11.12 11.25 11.38 11.50 11.62 11.75 11.88 12.00 12.12 12.25 12.38 12.50 12.62 12.75 12.88 13.00 13.12 13.25 13.38 13.50 13.62 13.75 13.88 14.00 14.12 14.25 14.38 14.50 14.62 14.75 14.88 15.00 15.12 15.25 15.38 15.50 15.62 15.75 15.88 16.00 16.12 16.25 16.38 16.50 16.62 16.75 16.88 17.00 17.12 17.25 17.38 17.50 17.62 17.75 17.88 18.00 18.12 18.25 18.38 18.50 18.62 18.75 18.88
-----------------------------------------------------------------------------------------------------------------------------------------------------------------------------------------------------------------------------------------------------------------------------------------------------------------------------------------------------------------------------------------------------------------------------------------------------------------------------------------------------------------------------------------------------------------------------------------------------------------------------------------------------------------------------------------------------------------------------------------------------------
 BestFit  | 0.000 0.000 0.000 0.000 0.000 0.000 0.000 0.000 0.000 0.000 0.000 0.000 0.000 0.000 0.000 0.000 0.000 0.000 0.000 0.000 0.000 0.000 0.000 0.000 0.009 0.018 0.018 0.018 0.027 0.045 0.045 0.045 0.045 0.045 0.045 0.045 0.054 0.072 0.072 0.072 0.072 0.072 0.126 0.135 0.135 0.135 0.153 0.162 0.162 0.171 0.180 0.180 0.180 0.189 0.198 0.207 0.216 0.387 0.387 0.387 0.505 0.514 0.514 0.685 0.694 0.703 0.703 0.703 0.703 1.000 1.000 1.000 1.883 1.883 1.883 1.883 1.883 1.892 1.892 1.892 1.892 1.892 1.892 1.892 1.892 1.892 1.892 1.892 1.901 1.901 1.901 1.901 1.910 1.910 1.910 1.910 1.910 1.910 1.910 1.910 1.910 1.910 1.910 1.910 1.910 1.910 1.910 1.910 1.910 1.910 1.910 1.910 1.910 1.910 1.910 1.910 1.910 1.910 1.910 1.910
    0     | 0.000 0.000 0.000 0.000 0.000 0.000 0.000 0.000 0.000 0.000 0.000 0.000 0.000 0.000 0.000 0.000 0.000 0.000 0.000 0.000 0.000 0.000 0.000 0.000 0.009 0.009 0.009 0.009 0.009 0.027 0.027 0.036 0.054 0.054 0.072 0.072 0.072 0.108 0.108 0.126 0.126 0.126 0.126 0.135 0.144 0.144 0.153 0.153 0.153 0.153 0.162 0.198 0.198 0.207 0.207 0.207 0.207 0.432 0.451 0.451 0.451 0.460 0.469 0.712 0.712 0.712 0.712 0.712 0.757 0.757 0.973 1.018 1.018 1.018 1.874 1.874 1.874 1.874 1.892 1.892 1.892 1.901 1.901 1.901 1.901 1.901 1.901 1.910 1.919 1.919 1.919 1.928 1.928 1.928 1.928 1.928 1.928 1.928 1.955 1.964 1.964 1.964 1.964 1.973 1.973 1.973 1.973 1.973 1.973 1.973 1.973 1.973 1.973 1.973 1.973 1.973 1.973 1.973 1.973 1.973
    1     | 0.000 0.000 0.000 0.000 0.000 0.000 0.000 0.000 0.000 0.000 0.000 0.000 0.000 0.000 0.000 0.000 0.000 0.000 0.000 0.000 0.000 0.000 0.000 0.009 0.009 0.009 0.018 0.027 0.045 0.054 0.063 0.063 0.081 0.081 0.081 0.108 0.108 0.108 0.126 0.126 0.126 0.126 0.135 0.135 0.144 0.153 0.153 0.153 0.153 0.180 0.189 0.189 0.189 0.198 0.198 0.198 0.360 0.369 0.369 0.496 0.496 0.505 0.505 0.577 0.577 0.577 0.919 0.919 0.928 0.928 0.937 0.937 0.937 1.856 1.856 1.856 1.856 1.856 1.865 1.874 1.883 1.883 1.883 1.883 1.883 1.901 1.901 1.901 1.901 1.901 1.910 1.910 1.937 1.937 1.937 1.973 1.982 1.982 1.982 2.018 2.018 2.018 2.018 2.027 2.027 2.027 2.027 2.027 2.027 2.027 2.027 2.027 2.027 2.027 2.027 2.027 2.027 2.027 2.027 2.027
    2     | 0.000 0.000 0.000 0.000 0.000 0.009 0.009 0.009 0.009 0.009 0.009 0.009 0.009 0.009 0.009 0.009 0.009 0.009 0.009 0.009 0.009 0.009 0.009 0.009 0.027 0.027 0.027 0.027 0.054 0.054 0.063 0.063 0.063 0.072 0.072 0.072 0.081 0.081 0.090 0.099 0.108 0.189 0.189 0.189 0.189 0.198 0.207 0.207 0.216 0.216 0.225 0.234 0.234 0.252 0.351 0.360 0.369 0.369 0.369 0.378 0.378 0.487 0.541 0.685 0.694 0.712 0.712 0.721 0.721 0.730 0.955 0.964 0.964 1.883 1.892 1.910 1.910 1.910 1.910 1.910 1.910 1.910 1.910 1.910 1.910 1.910 1.910 1.910 1.910 1.910 1.910 1.919 1.919 1.919 1.937 2.081 2.081 2.090 2.090 2.090 2.099 2.099 2.099 2.099 2.099 2.099 2.099 2.099 2.099 2.099 2.099 2.099 2.099 2.099 2.099 2.099 2.099 2.099 2.099 2.099
    3     | 0.000 0.000 0.000 0.000 0.000 0.000 0.000 0.000 0.000 0.000 0.000 0.000 0.000 0.000 0.000 0.000 0.000 0.000 0.000 0.000 0.000 0.000 0.000 0.000 0.000 0.000 0.027 0.045 0.054 0.063 0.063 0.063 0.072 0.072 0.090 0.090 0.090 0.090 0.090 0.090 0.090 0.090 0.090 0.117 0.117 0.117 0.126 0.135 0.135 0.144 0.144 0.144 0.144 0.144 0.153 0.162 0.405 0.414 0.423 0.423 0.568 0.568 0.568 0.586 0.586 0.604 0.613 0.928 0.928 0.937 0.946 0.946 0.946 1.928 1.928 1.928 1.928 1.928 1.928 1.928 1.928 1.928 1.928 1.928 1.928 1.928 1.928 1.928 1.955 1.964 1.964 1.964 1.973 1.982 1.982 1.991 1.991 2.000 2.000 2.000 2.000 2.009 2.009 2.009 2.009 2.009 2.009 2.009 2.009 2.009 2.009 2.009 2.009 2.009 2.009 2.009 2.009 2.009 2.009 2.009
    4     | 0.000 0.000 0.000 0.000 0.000 0.000 0.000 0.000 0.000 0.000 0.000 0.000 0.000 0.000 0.000 0.000 0.000 0.000 0.000 0.000 0.000 0.000 0.000 0.000 0.000 0.000 0.009 0.018 0.018 0.027 0.027 0.027 0.045 0.063 0.081 0.081 0.090 0.144 0.144 0.144 0.198 0.207 0.216 0.216 0.225 0.225 0.225 0.225 0.225 0.225 0.234 0.234 0.261 0.261 0.261 0.270 0.414 0.414 0.414 0.423 0.423 0.496 0.730 0.730 0.748 0.748 0.748 0.748 0.748 0.757 0.766 0.955 0.955 0.955 1.901 1.901 1.910 1.910 1.910 1.910 1.910 1.910 1.910 1.910 1.910 1.910 1.919 1.919 1.928 1.928 1.937 1.937 1.946 1.946 2.018 2.027 2.036 2.045 2.054 2.063 2.063 2.063 2.081 2.081 2.081 2.081 2.081 2.081 2.081 2.081 2.081 2.081 2.081 2.081 2.081 2.081 2.081 2.081 2.081 2.081
